%YAML:1.0
---
image_width: 320
image_height: 240
camera_matrix: !!opencv-matrix
   rows: 3
   cols: 3
   dt: d
   data: [ 2.4691206330490178e+02, 0., 1.8373855409752886e+02, 0.,
       2.4331418972312346e+02, 1.3670287941586420e+02, 0., 0., 1. ]
distortion_coefficients: !!opencv-matrix
   rows: 1
   cols: 5
   dt: d
   data: [ 1.0075053382339449e-02, 1.8470680874948069e-02,
       1.1908567776700359e-04, 6.7528494504647523e-03,
       -1.1152537331115718e-01 ]
