%YAML:1.0
---
aruco_bc_dict: ARUCO
aruco_bc_nmarkers: 80
aruco_bc_mInfoType: 0
aruco_bc_markers:
   - { id:640, corners:[ [ -400., -400., 0. ], [ -300., -400., 0. ], [
       -300., -500., 0. ], [ -400., -500., 0. ] ] }
   - { id:641, corners:[ [ -280., -400., 0. ], [ -180., -400., 0. ], [
       -180., -500., 0. ], [ -280., -500., 0. ] ] }
   - { id:642, corners:[ [ -160., -400., 0. ], [ -60., -400., 0. ], [
       -60., -500., 0. ], [ -160., -500., 0. ] ] }
   - { id:643, corners:[ [ -40., -400., 0. ], [ 60., -400., 0. ], [ 60.,
       -500., 0. ], [ -40., -500., 0. ] ] }
   - { id:644, corners:[ [ 80., -400., 0. ], [ 180., -400., 0. ], [ 180.,
       -500., 0. ], [ 80., -500., 0. ] ] }
   - { id:645, corners:[ [ 200., -400., 0. ], [ 300., -400., 0. ], [
       300., -500., 0. ], [ 200., -500., 0. ] ] }
   - { id:646, corners:[ [ 320., -400., 0. ], [ 420., -400., 0. ], [
       420., -500., 0. ], [ 320., -500., 0. ] ] }
   - { id:647, corners:[ [ 440., -400., 0. ], [ 540., -400., 0. ], [
       540., -500., 0. ], [ 440., -500., 0. ] ] }
   - { id:648, corners:[ [ -400., -280., 0. ], [ -300., -280., 0. ], [
       -300., -380., 0. ], [ -400., -380., 0. ] ] }
   - { id:649, corners:[ [ -280., -280., 0. ], [ -180., -280., 0. ], [
       -180., -380., 0. ], [ -280., -380., 0. ] ] }
   - { id:650, corners:[ [ -160., -280., 0. ], [ -60., -280., 0. ], [
       -60., -380., 0. ], [ -160., -380., 0. ] ] }
   - { id:651, corners:[ [ -40., -280., 0. ], [ 60., -280., 0. ], [ 60.,
       -380., 0. ], [ -40., -380., 0. ] ] }
   - { id:652, corners:[ [ 80., -280., 0. ], [ 180., -280., 0. ], [ 180.,
       -380., 0. ], [ 80., -380., 0. ] ] }
   - { id:653, corners:[ [ 200., -280., 0. ], [ 300., -280., 0. ], [
       300., -380., 0. ], [ 200., -380., 0. ] ] }
   - { id:654, corners:[ [ 320., -280., 0. ], [ 420., -280., 0. ], [
       420., -380., 0. ], [ 320., -380., 0. ] ] }
   - { id:655, corners:[ [ 440., -280., 0. ], [ 540., -280., 0. ], [
       540., -380., 0. ], [ 440., -380., 0. ] ] }
   - { id:656, corners:[ [ -400., -160., 0. ], [ -300., -160., 0. ], [
       -300., -260., 0. ], [ -400., -260., 0. ] ] }
   - { id:657, corners:[ [ -280., -160., 0. ], [ -180., -160., 0. ], [
       -180., -260., 0. ], [ -280., -260., 0. ] ] }
   - { id:658, corners:[ [ -160., -160., 0. ], [ -60., -160., 0. ], [
       -60., -260., 0. ], [ -160., -260., 0. ] ] }
   - { id:659, corners:[ [ -40., -160., 0. ], [ 60., -160., 0. ], [ 60.,
       -260., 0. ], [ -40., -260., 0. ] ] }
   - { id:660, corners:[ [ 80., -160., 0. ], [ 180., -160., 0. ], [ 180.,
       -260., 0. ], [ 80., -260., 0. ] ] }
   - { id:661, corners:[ [ 200., -160., 0. ], [ 300., -160., 0. ], [
       300., -260., 0. ], [ 200., -260., 0. ] ] }
   - { id:662, corners:[ [ 320., -160., 0. ], [ 420., -160., 0. ], [
       420., -260., 0. ], [ 320., -260., 0. ] ] }
   - { id:663, corners:[ [ 440., -160., 0. ], [ 540., -160., 0. ], [
       540., -260., 0. ], [ 440., -260., 0. ] ] }
   - { id:664, corners:[ [ -400., -40., 0. ], [ -300., -40., 0. ], [
       -300., -140., 0. ], [ -400., -140., 0. ] ] }
   - { id:665, corners:[ [ -280., -40., 0. ], [ -180., -40., 0. ], [
       -180., -140., 0. ], [ -280., -140., 0. ] ] }
   - { id:666, corners:[ [ -160., -40., 0. ], [ -60., -40., 0. ], [ -60.,
       -140., 0. ], [ -160., -140., 0. ] ] }
   - { id:667, corners:[ [ -40., -40., 0. ], [ 60., -40., 0. ], [ 60.,
       -140., 0. ], [ -40., -140., 0. ] ] }
   - { id:668, corners:[ [ 80., -40., 0. ], [ 180., -40., 0. ], [ 180.,
       -140., 0. ], [ 80., -140., 0. ] ] }
   - { id:669, corners:[ [ 200., -40., 0. ], [ 300., -40., 0. ], [ 300.,
       -140., 0. ], [ 200., -140., 0. ] ] }
   - { id:670, corners:[ [ 320., -40., 0. ], [ 420., -40., 0. ], [ 420.,
       -140., 0. ], [ 320., -140., 0. ] ] }
   - { id:671, corners:[ [ 440., -40., 0. ], [ 540., -40., 0. ], [ 540.,
       -140., 0. ], [ 440., -140., 0. ] ] }
   - { id:672, corners:[ [ -400., 80., 0. ], [ -300., 80., 0. ], [ -300.,
       -20., 0. ], [ -400., -20., 0. ] ] }
   - { id:673, corners:[ [ -280., 80., 0. ], [ -180., 80., 0. ], [ -180.,
       -20., 0. ], [ -280., -20., 0. ] ] }
   - { id:674, corners:[ [ -160., 80., 0. ], [ -60., 80., 0. ], [ -60.,
       -20., 0. ], [ -160., -20., 0. ] ] }
   - { id:675, corners:[ [ -40., 80., 0. ], [ 60., 80., 0. ], [ 60.,
       -20., 0. ], [ -40., -20., 0. ] ] }
   - { id:676, corners:[ [ 80., 80., 0. ], [ 180., 80., 0. ], [ 180.,
       -20., 0. ], [ 80., -20., 0. ] ] }
   - { id:677, corners:[ [ 200., 80., 0. ], [ 300., 80., 0. ], [ 300.,
       -20., 0. ], [ 200., -20., 0. ] ] }
   - { id:678, corners:[ [ 320., 80., 0. ], [ 420., 80., 0. ], [ 420.,
       -20., 0. ], [ 320., -20., 0. ] ] }
   - { id:679, corners:[ [ 440., 80., 0. ], [ 540., 80., 0. ], [ 540.,
       -20., 0. ], [ 440., -20., 0. ] ] }
   - { id:680, corners:[ [ -400., 200., 0. ], [ -300., 200., 0. ], [
       -300., 100., 0. ], [ -400., 100., 0. ] ] }
   - { id:681, corners:[ [ -280., 200., 0. ], [ -180., 200., 0. ], [
       -180., 100., 0. ], [ -280., 100., 0. ] ] }
   - { id:682, corners:[ [ -160., 200., 0. ], [ -60., 200., 0. ], [ -60.,
       100., 0. ], [ -160., 100., 0. ] ] }
   - { id:683, corners:[ [ -40., 200., 0. ], [ 60., 200., 0. ], [ 60.,
       100., 0. ], [ -40., 100., 0. ] ] }
   - { id:684, corners:[ [ 80., 200., 0. ], [ 180., 200., 0. ], [ 180.,
       100., 0. ], [ 80., 100., 0. ] ] }
   - { id:685, corners:[ [ 200., 200., 0. ], [ 300., 200., 0. ], [ 300.,
       100., 0. ], [ 200., 100., 0. ] ] }
   - { id:686, corners:[ [ 320., 200., 0. ], [ 420., 200., 0. ], [ 420.,
       100., 0. ], [ 320., 100., 0. ] ] }
   - { id:687, corners:[ [ 440., 200., 0. ], [ 540., 200., 0. ], [ 540.,
       100., 0. ], [ 440., 100., 0. ] ] }
   - { id:688, corners:[ [ -400., 320., 0. ], [ -300., 320., 0. ], [
       -300., 220., 0. ], [ -400., 220., 0. ] ] }
   - { id:689, corners:[ [ -280., 320., 0. ], [ -180., 320., 0. ], [
       -180., 220., 0. ], [ -280., 220., 0. ] ] }
   - { id:690, corners:[ [ -160., 320., 0. ], [ -60., 320., 0. ], [ -60.,
       220., 0. ], [ -160., 220., 0. ] ] }
   - { id:691, corners:[ [ -40., 320., 0. ], [ 60., 320., 0. ], [ 60.,
       220., 0. ], [ -40., 220., 0. ] ] }
   - { id:692, corners:[ [ 80., 320., 0. ], [ 180., 320., 0. ], [ 180.,
       220., 0. ], [ 80., 220., 0. ] ] }
   - { id:693, corners:[ [ 200., 320., 0. ], [ 300., 320., 0. ], [ 300.,
       220., 0. ], [ 200., 220., 0. ] ] }
   - { id:694, corners:[ [ 320., 320., 0. ], [ 420., 320., 0. ], [ 420.,
       220., 0. ], [ 320., 220., 0. ] ] }
   - { id:695, corners:[ [ 440., 320., 0. ], [ 540., 320., 0. ], [ 540.,
       220., 0. ], [ 440., 220., 0. ] ] }
   - { id:696, corners:[ [ -400., 440., 0. ], [ -300., 440., 0. ], [
       -300., 340., 0. ], [ -400., 340., 0. ] ] }
   - { id:697, corners:[ [ -280., 440., 0. ], [ -180., 440., 0. ], [
       -180., 340., 0. ], [ -280., 340., 0. ] ] }
   - { id:698, corners:[ [ -160., 440., 0. ], [ -60., 440., 0. ], [ -60.,
       340., 0. ], [ -160., 340., 0. ] ] }
   - { id:699, corners:[ [ -40., 440., 0. ], [ 60., 440., 0. ], [ 60.,
       340., 0. ], [ -40., 340., 0. ] ] }
   - { id:700, corners:[ [ 80., 440., 0. ], [ 180., 440., 0. ], [ 180.,
       340., 0. ], [ 80., 340., 0. ] ] }
   - { id:701, corners:[ [ 200., 440., 0. ], [ 300., 440., 0. ], [ 300.,
       340., 0. ], [ 200., 340., 0. ] ] }
   - { id:702, corners:[ [ 320., 440., 0. ], [ 420., 440., 0. ], [ 420.,
       340., 0. ], [ 320., 340., 0. ] ] }
   - { id:703, corners:[ [ 440., 440., 0. ], [ 540., 440., 0. ], [ 540.,
       340., 0. ], [ 440., 340., 0. ] ] }
   - { id:704, corners:[ [ -400., 560., 0. ], [ -300., 560., 0. ], [
       -300., 460., 0. ], [ -400., 460., 0. ] ] }
   - { id:705, corners:[ [ -280., 560., 0. ], [ -180., 560., 0. ], [
       -180., 460., 0. ], [ -280., 460., 0. ] ] }
   - { id:706, corners:[ [ -160., 560., 0. ], [ -60., 560., 0. ], [ -60.,
       460., 0. ], [ -160., 460., 0. ] ] }
