%YAML:1.0
---
aruco_bc_dict: ARUCO_MIP_16h3
aruco_bc_nmarkers: 35
aruco_bc_mInfoType: 0
aruco_bc_markers:
   - { id:244, corners:[ [ -1250., -1250., 0. ], [ -750., -1250., 0. ],
       [ -750., -1750., 0. ], [ -1250., -1750., 0. ] ] }
   - { id:192, corners:[ [ -650., -1250., 0. ], [ -150., -1250., 0. ], [
       -150., -1750., 0. ], [ -650., -1750., 0. ] ] }
   - { id:63, corners:[ [ -50., -1250., 0. ], [ 450., -1250., 0. ], [
       450., -1750., 0. ], [ -50., -1750., 0. ] ] }
   - { id:81, corners:[ [ 550., -1250., 0. ], [ 1050., -1250., 0. ], [
       1050., -1750., 0. ], [ 550., -1750., 0. ] ] }
   - { id:206, corners:[ [ 1150., -1250., 0. ], [ 1650., -1250., 0. ], [
       1650., -1750., 0. ], [ 1150., -1750., 0. ] ] }
   - { id:113, corners:[ [ -1250., -650., 0. ], [ -750., -650., 0. ], [
       -750., -1150., 0. ], [ -1250., -1150., 0. ] ] }
   - { id:152, corners:[ [ -650., -650., 0. ], [ -150., -650., 0. ], [
       -150., -1150., 0. ], [ -650., -1150., 0. ] ] }
   - { id:58, corners:[ [ -50., -650., 0. ], [ 450., -650., 0. ], [ 450.,
       -1150., 0. ], [ -50., -1150., 0. ] ] }
   - { id:144, corners:[ [ 550., -650., 0. ], [ 1050., -650., 0. ], [
       1050., -1150., 0. ], [ 550., -1150., 0. ] ] }
   - { id:30, corners:[ [ 1150., -650., 0. ], [ 1650., -650., 0. ], [
       1650., -1150., 0. ], [ 1150., -1150., 0. ] ] }
   - { id:73, corners:[ [ -1250., -50., 0. ], [ -750., -50., 0. ], [
       -750., -550., 0. ], [ -1250., -550., 0. ] ] }
   - { id:79, corners:[ [ -650., -50., 0. ], [ -150., -50., 0. ], [
       -150., -550., 0. ], [ -650., -550., 0. ] ] }
   - { id:69, corners:[ [ -50., -50., 0. ], [ 450., -50., 0. ], [ 450.,
       -550., 0. ], [ -50., -550., 0. ] ] }
   - { id:163, corners:[ [ 550., -50., 0. ], [ 1050., -50., 0. ], [
       1050., -550., 0. ], [ 550., -550., 0. ] ] }
   - { id:213, corners:[ [ 1150., -50., 0. ], [ 1650., -50., 0. ], [
       1650., -550., 0. ], [ 1150., -550., 0. ] ] }
   - { id:86, corners:[ [ -1250., 550., 0. ], [ -750., 550., 0. ], [
       -750., 50., 0. ], [ -1250., 50., 0. ] ] }
   - { id:217, corners:[ [ -650., 550., 0. ], [ -150., 550., 0. ], [
       -150., 50., 0. ], [ -650., 50., 0. ] ] }
   - { id:77, corners:[ [ -50., 550., 0. ], [ 450., 550., 0. ], [ 450.,
       50., 0. ], [ -50., 50., 0. ] ] }
   - { id:119, corners:[ [ 550., 550., 0. ], [ 1050., 550., 0. ], [
       1050., 50., 0. ], [ 550., 50., 0. ] ] }
   - { id:156, corners:[ [ 1150., 550., 0. ], [ 1650., 550., 0. ], [
       1650., 50., 0. ], [ 1150., 50., 0. ] ] }
   - { id:231, corners:[ [ -1250., 1150., 0. ], [ -750., 1150., 0. ], [
       -750., 650., 0. ], [ -1250., 650., 0. ] ] }
   - { id:137, corners:[ [ -650., 1150., 0. ], [ -150., 1150., 0. ], [
       -150., 650., 0. ], [ -650., 650., 0. ] ] }
   - { id:13, corners:[ [ -50., 1150., 0. ], [ 450., 1150., 0. ], [ 450.,
       650., 0. ], [ -50., 650., 0. ] ] }
   - { id:26, corners:[ [ 550., 1150., 0. ], [ 1050., 1150., 0. ], [
       1050., 650., 0. ], [ 550., 650., 0. ] ] }
   - { id:216, corners:[ [ 1150., 1150., 0. ], [ 1650., 1150., 0. ], [
       1650., 650., 0. ], [ 1150., 650., 0. ] ] }
   - { id:237, corners:[ [ -1250., 1750., 0. ], [ -750., 1750., 0. ], [
       -750., 1250., 0. ], [ -1250., 1250., 0. ] ] }
   - { id:196, corners:[ [ -650., 1750., 0. ], [ -150., 1750., 0. ], [
       -150., 1250., 0. ], [ -650., 1250., 0. ] ] }
   - { id:140, corners:[ [ -50., 1750., 0. ], [ 450., 1750., 0. ], [
       450., 1250., 0. ], [ -50., 1250., 0. ] ] }
   - { id:109, corners:[ [ 550., 1750., 0. ], [ 1050., 1750., 0. ], [
       1050., 1250., 0. ], [ 550., 1250., 0. ] ] }
   - { id:204, corners:[ [ 1150., 1750., 0. ], [ 1650., 1750., 0. ], [
       1650., 1250., 0. ], [ 1150., 1250., 0. ] ] }
   - { id:239, corners:[ [ -1250., 2350., 0. ], [ -750., 2350., 0. ], [
       -750., 1850., 0. ], [ -1250., 1850., 0. ] ] }
   - { id:98, corners:[ [ -650., 2350., 0. ], [ -150., 2350., 0. ], [
       -150., 1850., 0. ], [ -650., 1850., 0. ] ] }
   - { id:32, corners:[ [ -50., 2350., 0. ], [ 450., 2350., 0. ], [ 450.,
       1850., 0. ], [ -50., 1850., 0. ] ] }
   - { id:168, corners:[ [ 550., 2350., 0. ], [ 1050., 2350., 0. ], [
       1050., 1850., 0. ], [ 550., 1850., 0. ] ] }
   - { id:199, corners:[ [ 1150., 2350., 0. ], [ 1650., 2350., 0. ], [
       1650., 1850., 0. ], [ 1150., 1850., 0. ] ] }
